1.
1 5 2
8 7 6
3 4 0
----------------

2.
1 5 2
8 7 6
3 0 4
----------------

3.
1 5 2
8 7 6
0 3 4
----------------

4.
1 5 2
0 7 6
8 3 4
----------------

5.
1 5 2
7 0 6
8 3 4
----------------

6.
1 5 2
7 3 6
8 0 4
----------------

7.
1 5 2
7 3 6
8 4 0
----------------

8.
1 5 2
7 3 0
8 4 6
----------------

9.
1 5 2
7 0 3
8 4 6
----------------

10.
1 5 2
7 4 3
8 0 6
----------------

11.
1 5 2
7 4 3
0 8 6
----------------

12.
1 5 2
0 4 3
7 8 6
----------------

13.
1 5 2
4 0 3
7 8 6
----------------

14.
1 0 2
4 5 3
7 8 6
----------------

15.
1 2 0
4 5 3
7 8 6
----------------

16.
1 2 3
4 5 0
7 8 6
----------------

17.
1 2 3
4 5 6
7 8 0
----------------

